1 2
2 9
3 9
4 9
5 9
6 9
7 2
8 2
9 3
10 3
11 3
12 3
13 3
14 3
15 3
16 4
17 5
18 5
19 5
20 5
21 5
22 12
23 5
24 5
25 5
26 3
27 4
28 3
29 3
30 3
31 3
32 4
33 15
34 15
35 15
36 6
37 6
38 6
39 7
40 7
41 7
42 7
43 7
44 5
45 5
46 5
47 5
48 5
49 5
50 5
51 5
52 5
53 5
54 8
55 8
56 11
57 4
58 8
59 8
60 8
61 4
62 4
63 12
64 5
65 5
66 7
67 7
68 18
69 18
70 5
71 12
72 10
73 11
74 15
75 15
76 10
77 10
78 11
79 11
80 12
81 12
82 12
83 12
84 12
85 12
86 1
87 2
88 12
89 12
90 8
91 8
92 8
93 8
94 8
95 8
96 8
97 8
98 8
99 8
100 2
101 2
102 1
103 1
104 1
105 1
106 1
107 1
108 1
109 1
110 4
111 4
112 4
113 8
114 10
115 4
116 8
117 8
118 8
119 8
120 2
121 9
122 9
123 12
124 9
125 2
126 12
127 2
128 2
129 12
130 9
131 6
132 17
133 15
134 17
135 15
136 16
137 17
138 15
139 15
140 18
141 18
142 7
143 7
144 7
145 18
146 18
147 18
148 18
149 7
150 8
151 8
152 8
153 6
154 12
155 18
156 13
157 18
158 18
159 5
160 6
161 1
162 1
163 2
164 2
165 2
166 7
