1 1 2
2 9 18
3 9 18
4 9 18
5 9 13
6 2 9
7 2 9
8 1 2
9 3 4
10 3 4
11 3 4
12 3 8
13 3 4
14 3 8
15 3 8
16 3 4
17 5 7
18 5 12
19 5 7
20 5 12
21 5 12
22 5 12
23 5 12
24 5 12
25 5 12
26 3 4
27 3 4
28 3 4
29 3 15
30 3 4
31 3 4
32 3 4
33 3 15
34 14 15
35 14 15
36 6 13
37 6 13
38 6 13
39 7 18
40 7 18
41 7 18
42 7 18
43 7 18
44 5 12
45 5 7
46 5 12
47 5 12
48 5 12
49 5 12
50 5 12
51 5 12
52 5 12
53 5 12
54 4 8
55 4 8
56 4 11
57 4 11
58 4 8
59 4 8
60 4 8
61 4 11
62 4 8
63 5 12
64 5 7
65 5 7
66 7 12
67 7 12
68 12 18
69 9 18
70 5 12
71 5 12
72 10 11
73 11 15
74 11 15
75 14 15
76 10 11
77 10 11
78 10 11
79 4 11
80 9 12
81 9 12
82 12 18
83 5 12
84 5 12
85 9 12
86 1 2
87 2 13
88 9 12
89 9 12
90 4 8
91 4 8
92 3 8
93 3 8
94 3 8
95 3 8
96 3 8
97 3 8
98 4 8
99 4 8
100 2 9
101 2 12
102 1 2
103 1 2
104 1 2
105 1 2
106 1 2
107 1 2
108 1 2
109 1 2
110 4 8
111 4 8
112 4 8
113 4 8
114 8 10
115 4 8
116 4 8
117 4 8
118 3 8
119 3 8
120 2 13
121 9 12
122 9 18
123 9 12
124 9 18
125 2 9
126 9 12
127 2 9
128 2 9
129 9 12
130 2 9
131 6 13
132 17 20
133 14 15
134 14 17
135 14 15
136 16 20
137 17 20
138 14 15
139 14 15
140 9 18
141 9 18
142 7 18
143 7 18
144 7 18
145 9 18
146 9 18
147 9 18
148 9 18
149 5 7
150 3 8
151 3 8
152 3 8
153 2 6
154 12 18
155 9 18
156 13 18
157 9 18
158 9 18
159 5 7
160 2 6
161 1 2
162 1 2
163 2 6
164 1 2
165 2 6
166 7 18
